arc 2.5 27.5 1 2 0
arc 2.5 25 1 4 0
arc 2.5 22.5 1 2 0
arc 2.5 20 1 2 0
arc 2.5 17.5 1 2 0
arc 12.5 0 1 2 0
arc 10 0 1 2 0
arc 7.5 0 1 4 0
arc 5 0 1 2 0
arc 2.5 0 1 2 0
arc 12.5 -2.5 1 2 0
arc 10 -2.5 1 2 0
arc 7.5 -2.5 1 4 0
arc 5 -2.5 1 2 0
arc 2.5 -2.5 1 2 0
arc 12.5 30 1 2 0
arc 10 30 1 2 0
arc 7.5 30 1 4 0
arc 5 30 1 2 0
arc 2.5 30 1 2 0
arc 12.5 32.5 1 2 0
arc 10 32.5 1 2 0
arc 7.5 32.5 1 4 0
arc 5 32.5 1 2 0
arc 2.5 32.5 1 2 0
arc 2.5 15 1 4 0
arc 2.5 12.5 1 4 0
arc 2.5 10 1 2 0
arc 2.5 7.5 1 2 0
arc 2.5 5 1 4 0
arc 2.5 2.5 1 4 0
arc 12.5 27.5 1 2 0
arc 12.5 25 1 4 0
arc 12.5 22.5 1 2 0
arc 12.5 20 1 2 0
arc 12.5 17.5 1 2 0
arc 12.5 15 1 4 0
arc 12.5 12.5 1 4 0
arc 12.5 10 1 2 0
arc 12.5 7.5 1 2 0
arc 12.5 5 1 4 0
arc 12.5 2.5 1 4 0
rect 5 15 1 14.5 0
rect 7.5 15 0.5 0 0
rect 6.5 15 0.5 1 0
rect 8.5 15 0.5 1 0
rect 10 15 1 14.5 0
rect 7.5 3 2 1 0
line 0 -5 15 -5 0
line 0 -5 0 40 0
line 15 -5 15 40 0
line 0 40 15 40 0